{
  "0A": {
    "positive_sig": 7,
    "negative_sig": 14,
    "expected_per_direction": 15.3,
    "count_unusual": "True",
    "convergence_unusual": true,
    "verdict_T7": "T7 PARTIALLY SUPPORTED by count (fewer positives than expected), but WEAKENED by convergence (two methods independently finding L9 attention)"
  },
  "0B": {
    "overlap_results": [
      {
        "pair": [
          "W3-0020",
          "A2-0024"
        ],
        "overlap": 36,
        "expected": 11.04225352112676,
        "ratio": 3.2602040816326534,
        "p_value": 1.712792457197707e-13
      },
      {
        "pair": [
          "W3-0020",
          "A3-0075"
        ],
        "overlap": 47,
        "expected": 18.633802816901408,
        "ratio": 2.5222978080120937,
        "p_value": 9.870706565043038e-13
      },
      {
        "pair": [
          "W3-0020",
          "W5-0079"
        ],
        "overlap": 30,
        "expected": 9.8,
        "ratio": 3.061224489795918,
        "p_value": 2.691807801732252e-10
      },
      {
        "pair": [
          "W3-0020",
          "W4-0042"
        ],
        "overlap": 32,
        "expected": 7.3154929577464785,
        "ratio": 4.374278013092029,
        "p_value": 7.78907387133966e-17
      },
      {
        "pair": [
          "A2-0024",
          "A3-0075"
        ],
        "overlap": 38,
        "expected": 15.211267605633802,
        "ratio": 2.4981481481481485,
        "p_value": 4.748115632219175e-10
      },
      {
        "pair": [
          "A2-0024",
          "W5-0079"
        ],
        "overlap": 20,
        "expected": 8.0,
        "ratio": 2.5,
        "p_value": 2.5474366160799445e-05
      },
      {
        "pair": [
          "A2-0024",
          "W4-0042"
        ],
        "overlap": 23,
        "expected": 5.971830985915493,
        "ratio": 3.8514150943396226,
        "p_value": 3.305343079127428e-10
      },
      {
        "pair": [
          "A3-0075",
          "W5-0079"
        ],
        "overlap": 24,
        "expected": 13.5,
        "ratio": 1.7777777777777777,
        "p_value": 0.0012991000283188638
      },
      {
        "pair": [
          "A3-0075",
          "W4-0042"
        ],
        "overlap": 27,
        "expected": 10.077464788732394,
        "ratio": 2.679245283018868,
        "p_value": 4.283286601054829e-08
      },
      {
        "pair": [
          "W5-0079",
          "W4-0042"
        ],
        "overlap": 21,
        "expected": 5.3,
        "ratio": 3.9622641509433962,
        "p_value": 1.5297972016695216e-09
      }
    ],
    "core_vulnerable_count": 51,
    "core_vulnerable_items": [
      "logical_deduction_three_objects_0215",
      "tracking_shuffled_objects_five_objects_0106",
      "logical_deduction_three_objects_0140",
      "logical_deduction_five_objects_0164",
      "logical_deduction_three_objects_0240",
      "tracking_shuffled_objects_five_objects_0093",
      "logical_deduction_five_objects_0114",
      "logical_deduction_three_objects_0049",
      "logical_deduction_five_objects_0024",
      "logical_deduction_three_objects_0112",
      "tracking_shuffled_objects_three_objects_0073",
      "tracking_shuffled_objects_five_objects_0046",
      "logical_deduction_five_objects_0155",
      "tracking_shuffled_objects_five_objects_0237",
      "tracking_shuffled_objects_three_objects_0154",
      "tracking_shuffled_objects_five_objects_0134",
      "logical_deduction_three_objects_0241",
      "logical_deduction_three_objects_0234",
      "logical_deduction_three_objects_0083",
      "tracking_shuffled_objects_five_objects_0209",
      "logical_deduction_three_objects_0237",
      "tracking_shuffled_objects_five_objects_0058",
      "logical_deduction_five_objects_0167",
      "logical_deduction_three_objects_0058",
      "tracking_shuffled_objects_five_objects_0042",
      "tracking_shuffled_objects_five_objects_0166",
      "tracking_shuffled_objects_three_objects_0015",
      "logical_deduction_three_objects_0120",
      "logical_deduction_three_objects_0079",
      "logical_deduction_three_objects_0087",
      "tracking_shuffled_objects_three_objects_0224",
      "tracking_shuffled_objects_five_objects_0108",
      "logical_deduction_three_objects_0178",
      "logical_deduction_three_objects_0216",
      "tracking_shuffled_objects_three_objects_0178",
      "logical_deduction_three_objects_0163",
      "logical_deduction_three_objects_0125",
      "tracking_shuffled_objects_five_objects_0200",
      "tracking_shuffled_objects_three_objects_0216",
      "logical_deduction_five_objects_0003",
      "tracking_shuffled_objects_five_objects_0228",
      "logical_deduction_three_objects_0126",
      "logical_deduction_three_objects_0230",
      "tracking_shuffled_objects_three_objects_0228",
      "tracking_shuffled_objects_three_objects_0011",
      "logical_deduction_five_objects_0065",
      "tracking_shuffled_objects_three_objects_0022",
      "logical_deduction_three_objects_0072",
      "tracking_shuffled_objects_five_objects_0230",
      "tracking_shuffled_objects_three_objects_0082",
      "logical_deduction_three_objects_0226"
    ],
    "all_pairs_significant": false,
    "avg_overlap_ratio": 3.048685484676051,
    "verdict": "T5 PARTIALLY SUPPORTED"
  },
  "0C": null,
  "0D": null,
  "0E": {
    "adjacent_mean_sim": -0.00016708349721739069,
    "distant_mean_sim": 4.375748546424387e-05,
    "norm_depth_correlation": -0.608852393274804,
    "sim_matrix": [
      [
        1.0000700950622559,
        0.0009020254947245121,
        0.0004915669560432434,
        0.0008387085981667042,
        0.0007066185353323817,
        0.0003336478548590094,
        0.00017048799782060087,
        0.000585072033572942,
        0.0008446557330898941,
        0.0006019880529493093,
        0.00037680333480238914,
        0.00021441499120555818,
        -0.00015014587552286685,
        0.0003947794029954821,
        0.0005896600778214633,
        0.00011855072807520628,
        5.418900400400162e-05,
        0.0007215492660179734,
        -0.00021938391728326678,
        -0.0012212707661092281,
        -0.0004291068180464208,
        -4.799774251296185e-05,
        -0.0005496793310157955,
        -0.00036691493005491793,
        0.0003257148782722652,
        0.0010217437520623207,
        0.0008740464691072702,
        -0.001268407329916954
      ],
      [
        0.0009020254947245121,
        0.9998935461044312,
        -9.574861906003207e-05,
        -0.0008055205689743161,
        3.643875243142247e-05,
        0.0006590730627067387,
        -0.0003540626203175634,
        0.0005022702971473336,
        0.0002544379676692188,
        0.000303432228974998,
        0.00037415375118143857,
        0.0010345366317778826,
        0.0013973148306831717,
        -0.00043594290036708117,
        -0.0006535779684782028,
        0.0002984409802593291,
        0.000520084984600544,
        -0.00021836929954588413,
        0.00048822048120200634,
        -0.0003582158824428916,
        0.00030174251878634095,
        -0.00037994846934452653,
        0.0007111411541700363,
        -0.0003114266146440059,
        -0.0012354356003925204,
        0.0008002992253750563,
        0.000585518719162792,
        -0.00020068103913217783
      ],
      [
        0.0004915669560432434,
        -9.574861906003207e-05,
        0.9999024271965027,
        -1.9695631635840982e-05,
        -0.000531521684024483,
        0.0016529151471331716,
        -0.0006084700580686331,
        -0.00032085427665151656,
        0.0001440302439732477,
        0.0017211426747962832,
        -4.917076148558408e-05,
        0.0005332293221727014,
        0.0008685543434694409,
        0.001507101347669959,
        -0.0015162192285060883,
        0.0004860192711930722,
        -0.00020100496476516128,
        -0.00010945083340629935,
        -0.001016625203192234,
        -0.0003864570753648877,
        -0.0007066663820296526,
        0.0013750172220170498,
        -0.001025942387059331,
        -0.000173999069374986,
        0.0010754691902548075,
        -0.00010680952982511371,
        -0.00021317260689102113,
        -5.839361983817071e-05
      ],
      [
        0.0008387085981667042,
        -0.0008055205689743161,
        -1.9695631635840982e-05,
        0.9999186396598816,
        -0.001109927543438971,
        -0.0022746932227164507,
        -0.0001725601323414594,
        -0.001835034228861332,
        -0.0006625843234360218,
        0.00023846852127462626,
        -0.0008932615746743977,
        0.00019549066200852394,
        0.0009992474224418402,
        -0.0011932391207665205,
        -6.3679413869977e-05,
        0.0014793172013014555,
        -0.001131292898207903,
        0.0019986771512776613,
        -0.000996142509393394,
        0.0008795671747066081,
        -0.0009561316692270339,
        -0.00017781226779334247,
        -0.0009483469184488058,
        0.0009852602379396558,
        -0.0011086671147495508,
        -0.000791773316450417,
        -0.0002470536273904145,
        0.0006403178558684886
      ],
      [
        0.0007066185353323817,
        3.643875243142247e-05,
        -0.000531521684024483,
        -0.001109927543438971,
        0.9999117255210876,
        0.004216662608087063,
        -0.00029708881629630923,
        0.0003729752788785845,
        0.00023938328376971185,
        -0.0012509828666225076,
        -0.0010815265122801065,
        0.0007544247200712562,
        -0.002134717535227537,
        -0.0002031629264820367,
        0.0010023569921031594,
        -0.0006200573407113552,
        0.0007655707886442542,
        -0.0002509158803150058,
        -0.0008075550431385636,
        -0.0005977436667308211,
        -3.5717675928026438e-06,
        0.0007787250797264278,
        -0.001083542127162218,
        1.7042621038854122e-05,
        4.598867963068187e-05,
        -0.00027583821793086827,
        0.0007828311063349247,
        -0.00041969623998738825
      ],
      [
        0.0003336478548590094,
        0.0006590730627067387,
        0.0016529151471331716,
        -0.0022746932227164507,
        0.004216662608087063,
        0.9999269247055054,
        -0.0028414963744580746,
        -0.0028742391150444746,
        0.0014548058388754725,
        0.0003192355507053435,
        0.001994767226278782,
        0.00015164304932113737,
        -0.0016274291556328535,
        -0.0016965542454272509,
        0.0002353297604713589,
        -0.0019204181153327227,
        -4.546274431049824e-05,
        0.0014823427191004157,
        -0.000716426526196301,
        0.00033579274895600975,
        0.0010585463605821133,
        0.0015316993230953813,
        0.0008133995579555631,
        0.0008374227327294648,
        -0.0011254209093749523,
        0.0018646144308149815,
        0.001119933556765318,
        0.000513570208568126
      ],
      [
        0.00017048799782060087,
        -0.0003540626203175634,
        -0.0006084700580686331,
        -0.0001725601323414594,
        -0.00029708881629630923,
        -0.0028414963744580746,
        0.9999646544456482,
        0.0009531932882964611,
        -0.00113532948307693,
        -0.000820660381577909,
        0.0004908324917778373,
        -0.0007524231914430857,
        0.0015883719315752387,
        0.0005015923525206745,
        0.0012008839985355735,
        0.0004870265838690102,
        0.00036172993713989854,
        0.0008809627033770084,
        0.003914820495992899,
        -0.0010521255899220705,
        -0.0005253211711533368,
        -0.0001547118299640715,
        0.000491187209263444,
        -0.00027365965070202947,
        0.0010261621791869402,
        9.745213901624084e-06,
        -0.0005303028738126159,
        -0.00026743055786937475
      ],
      [
        0.000585072033572942,
        0.0005022702971473336,
        -0.00032085427665151656,
        -0.001835034228861332,
        0.0003729752788785845,
        -0.0028742391150444746,
        0.0009531932882964611,
        0.9999390244483948,
        0.000924977008253336,
        0.0022092675790190697,
        0.003290903754532337,
        0.002699591452255845,
        -0.0002879422972910106,
        -0.0014437914360314608,
        -0.0002778548514470458,
        -0.00010003286297433078,
        0.002641889965161681,
        -0.0005957349203526974,
        -0.0005164701724424958,
        -0.0007921658689156175,
        0.0001946439006133005,
        0.001072142506018281,
        -0.00022560189245268703,
        -4.1913066525012255e-05,
        0.0009106534998863935,
        -0.0009719389490783215,
        0.0005626882775686681,
        1.799879828467965e-05
      ],
      [
        0.0008446557330898941,
        0.0002544379676692188,
        0.0001440302439732477,
        -0.0006625843234360218,
        0.00023938328376971185,
        0.0014548058388754725,
        -0.00113532948307693,
        0.000924977008253336,
        0.9999454617500305,
        -0.00013461038179229945,
        7.798426668159664e-05,
        -0.0003414613311178982,
        0.001629334525205195,
        -0.0022905024234205484,
        -0.0010544462129473686,
        -0.0008625653572380543,
        -0.0010006342781707644,
        0.00042535774991847575,
        -3.2594252843409777e-06,
        0.00015856378013268113,
        0.00024485704489052296,
        0.0003805767046287656,
        0.0004035817692056298,
        0.0008981411228887737,
        0.0003184144152328372,
        -0.0008594666142016649,
        -0.0015053707174956799,
        0.0003111855767201632
      ],
      [
        0.0006019880529493093,
        0.000303432228974998,
        0.0017211426747962832,
        0.00023846852127462626,
        -0.0012509828666225076,
        0.0003192355507053435,
        -0.000820660381577909,
        0.0022092675790190697,
        -0.00013461038179229945,
        0.9999478459358215,
        5.597918061539531e-05,
        0.00213634199462831,
        5.7021708926185966e-05,
        -0.0008767964318394661,
        -0.002180498791858554,
        -0.00021490856306627393,
        0.0009923767065629363,
        -0.001955026760697365,
        0.0003653621533885598,
        0.001138643710874021,
        -0.001351270591840148,
        0.0010251181665807962,
        0.001075665233656764,
        -0.00026721160975284874,
        0.00023617349506821483,
        0.0005426912102848291,
        9.443263115826994e-05,
        0.0011624775361269712
      ],
      [
        0.00037680333480238914,
        0.00037415375118143857,
        -4.917076148558408e-05,
        -0.0008932615746743977,
        -0.0010815265122801065,
        0.001994767226278782,
        0.0004908324917778373,
        0.003290903754532337,
        7.798426668159664e-05,
        5.597918061539531e-05,
        0.9999172687530518,
        -0.00593773415312171,
        -6.35485484963283e-05,
        0.0006922782631590962,
        0.001830949680879712,
        -0.0017341080820187926,
        -0.0007303196471184492,
        -0.0006687093409709632,
        0.0007643724675290287,
        0.0019683632999658585,
        -0.0035140016116201878,
        1.7531856428831816e-05,
        0.00013004208449274302,
        -7.902903598733246e-05,
        -0.0015456327237188816,
        0.00020229522488079965,
        0.0005262542981654406,
        -0.0014268580125644803
      ],
      [
        0.00021441499120555818,
        0.0010345366317778826,
        0.0005332293221727014,
        0.00019549066200852394,
        0.0007544247200712562,
        0.00015164304932113737,
        -0.0007524231914430857,
        0.002699591452255845,
        -0.0003414613311178982,
        0.00213634199462831,
        -0.00593773415312171,
        0.99992436170578,
        -0.00421508401632309,
        0.0025039617903530598,
        0.0005194759578444064,
        -0.0024904352612793446,
        0.0014112767530605197,
        0.0012947645736858249,
        -0.0005996098043397069,
        0.00014992769865784794,
        0.001816968317143619,
        -0.0008131568320095539,
        0.0014765845844522119,
        0.0001794621639419347,
        -0.0004024488152936101,
        0.0007147503783926368,
        0.0013937082840129733,
        0.0006303409463725984
      ],
      [
        -0.00015014587552286685,
        0.0013973148306831717,
        0.0008685543434694409,
        0.0009992474224418402,
        -0.002134717535227537,
        -0.0016274291556328535,
        0.0015883719315752387,
        -0.0002879422972910106,
        0.001629334525205195,
        5.7021708926185966e-05,
        -6.35485484963283e-05,
        -0.00421508401632309,
        0.9999191164970398,
        0.0026852150913327932,
        -0.001049982849508524,
        -0.0012607482494786382,
        0.0014243422774598002,
        -0.0008068972383625805,
        -1.1006399290636182e-05,
        -0.0011007111752405763,
        0.0013913839356973767,
        -9.442034206585959e-05,
        0.0007036526221781969,
        -0.00011672427353914827,
        0.0007298475247807801,
        -0.0006360189290717244,
        -0.00029240234289318323,
        -0.001148082548752427
      ],
      [
        0.0003947794029954821,
        -0.00043594290036708117,
        0.001507101347669959,
        -0.0011932391207665205,
        -0.0002031629264820367,
        -0.0016965542454272509,
        0.0005015923525206745,
        -0.0014437914360314608,
        -0.0022905024234205484,
        -0.0008767964318394661,
        0.0006922782631590962,
        0.0025039617903530598,
        0.0026852150913327932,
        0.999897301197052,
        0.0030799706000834703,
        0.002418145537376404,
        0.002217790810391307,
        -0.0001190075563499704,
        -0.004640084225684404,
        0.0013096511829644442,
        0.0002564520691521466,
        0.00024456766550429165,
        0.0014968814793974161,
        0.00032345097861252725,
        0.0027654103469103575,
        -0.0008387321140617132,
        -0.00021687794651370496,
        -0.000509349221829325
      ],
      [
        0.0005896600778214633,
        -0.0006535779684782028,
        -0.0015162192285060883,
        -6.3679413869977e-05,
        0.0010023569921031594,
        0.0002353297604713589,
        0.0012008839985355735,
        -0.0002778548514470458,
        -0.0010544462129473686,
        -0.002180498791858554,
        0.001830949680879712,
        0.0005194759578444064,
        -0.001049982849508524,
        0.0030799706000834703,
        0.9999616146087646,
        -0.002402369398623705,
        -0.0023642994929105043,
        -0.0004559544613584876,
        0.00021028488117735833,
        -0.0009545052307657897,
        0.0004023259680252522,
        0.0009692111052572727,
        0.00139333913102746,
        -0.0005230137030594051,
        0.00017677636060398072,
        -0.001262979581952095,
        -0.0018301191739737988,
        0.0017195045948028564
      ],
      [
        0.00011855072807520628,
        0.0002984409802593291,
        0.0004860192711930722,
        0.0014793172013014555,
        -0.0006200573407113552,
        -0.0019204181153327227,
        0.0004870265838690102,
        -0.00010003286297433078,
        -0.0008625653572380543,
        -0.00021490856306627393,
        -0.0017341080820187926,
        -0.0024904352612793446,
        -0.0012607482494786382,
        0.002418145537376404,
        -0.002402369398623705,
        0.9999310970306396,
        -0.0019938547629863024,
        -0.002712228335440159,
        0.00074974843300879,
        -0.00105550535954535,
        0.000510744284838438,
        0.0013550841249525547,
        -0.0022633641492575407,
        -0.0014593470841646194,
        -0.0002584733010735363,
        -0.000756270601414144,
        -0.0009762298432178795,
        -0.0004790400853380561
      ],
      [
        5.418900400400162e-05,
        0.000520084984600544,
        -0.00020100496476516128,
        -0.001131292898207903,
        0.0007655707886442542,
        -4.546274431049824e-05,
        0.00036172993713989854,
        0.002641889965161681,
        -0.0010006342781707644,
        0.0009923767065629363,
        -0.0007303196471184492,
        0.0014112767530605197,
        0.0014243422774598002,
        0.002217790810391307,
        -0.0023642994929105043,
        -0.0019938547629863024,
        0.9999206066131592,
        -0.002276462037116289,
        0.0030606721993535757,
        0.0003109524550382048,
        -0.00020915571076329798,
        -0.0025960318744182587,
        -0.0001051388680934906,
        -0.003940271213650703,
        0.0003920451272279024,
        -0.00028656431823037565,
        0.0008636951097287238,
        -0.0017334052827209234
      ],
      [
        0.0007215492660179734,
        -0.00021836929954588413,
        -0.00010945083340629935,
        0.0019986771512776613,
        -0.0002509158803150058,
        0.0014823427191004157,
        0.0008809627033770084,
        -0.0005957349203526974,
        0.00042535774991847575,
        -0.001955026760697365,
        -0.0006687093409709632,
        0.0012947645736858249,
        -0.0008068972383625805,
        -0.0001190075563499704,
        -0.0004559544613584876,
        -0.002712228335440159,
        -0.002276462037116289,
        0.9999490976333618,
        0.0016653741477057338,
        0.0008296371670439839,
        0.0037428694777190685,
        -0.0007578834774903953,
        0.0012179916957393289,
        0.0020046785939484835,
        -0.00047842878848314285,
        0.00211277580820024,
        -0.0007036335882730782,
        -2.4576496798545122e-05
      ],
      [
        -0.00021938391728326678,
        0.00048822048120200634,
        -0.001016625203192234,
        -0.000996142509393394,
        -0.0008075550431385636,
        -0.000716426526196301,
        0.003914820495992899,
        -0.0005164701724424958,
        -3.2594252843409777e-06,
        0.0003653621533885598,
        0.0007643724675290287,
        -0.0005996098043397069,
        -1.1006399290636182e-05,
        -0.004640084225684404,
        0.00021028488117735833,
        0.00074974843300879,
        0.0030606721993535757,
        0.0016653741477057338,
        0.9999450445175171,
        0.00036795486812479794,
        0.0068940529599785805,
        0.003275096882134676,
        -0.0020171876531094313,
        -0.0019965411629527807,
        -0.0022723099682480097,
        -0.001866502221673727,
        -0.0012115288991481066,
        -0.0011122956639155746
      ],
      [
        -0.0012212707661092281,
        -0.0003582158824428916,
        -0.0003864570753648877,
        0.0008795671747066081,
        -0.0005977436667308211,
        0.00033579274895600975,
        -0.0010521255899220705,
        -0.0007921658689156175,
        0.00015856378013268113,
        0.001138643710874021,
        0.0019683632999658585,
        0.00014992769865784794,
        -0.0011007111752405763,
        0.0013096511829644442,
        -0.0009545052307657897,
        -0.00105550535954535,
        0.0003109524550382048,
        0.0008296371670439839,
        0.00036795486812479794,
        0.9999505877494812,
        0.0008956365054473281,
        -0.00026172713842242956,
        0.002003568457439542,
        -0.0008357057231478393,
        -0.00010196836228715256,
        0.0006736379582434893,
        0.0027335449121892452,
        -0.00016265838348772377
      ],
      [
        -0.0004291068180464208,
        0.00030174251878634095,
        -0.0007066663820296526,
        -0.0009561316692270339,
        -3.5717675928026438e-06,
        0.0010585463605821133,
        -0.0005253211711533368,
        0.0001946439006133005,
        0.00024485704489052296,
        -0.001351270591840148,
        -0.0035140016116201878,
        0.001816968317143619,
        0.0013913839356973767,
        0.0002564520691521466,
        0.0004023259680252522,
        0.000510744284838438,
        -0.00020915571076329798,
        0.0037428694777190685,
        0.0068940529599785805,
        0.0008956365054473281,
        0.999951958656311,
        -0.0037383590824902058,
        -0.006179654039442539,
        -0.0014323480427265167,
        -0.0008429743465967476,
        0.002332682954147458,
        0.0022770084906369448,
        0.0008261463954113424
      ],
      [
        -4.799774251296185e-05,
        -0.00037994846934452653,
        0.0013750172220170498,
        -0.00017781226779334247,
        0.0007787250797264278,
        0.0015316993230953813,
        -0.0001547118299640715,
        0.001072142506018281,
        0.0003805767046287656,
        0.0010251181665807962,
        1.7531856428831816e-05,
        -0.0008131568320095539,
        -9.442034206585959e-05,
        0.00024456766550429165,
        0.0009692111052572727,
        0.0013550841249525547,
        -0.0025960318744182587,
        -0.0007578834774903953,
        0.003275096882134676,
        -0.00026172713842242956,
        -0.0037383590824902058,
        0.9999351501464844,
        -0.0015052225207909942,
        0.00044920947402715683,
        0.0007995993364602327,
        -0.0014393634628504515,
        0.003074611071497202,
        0.0026350528933107853
      ],
      [
        -0.0005496793310157955,
        0.0007111411541700363,
        -0.001025942387059331,
        -0.0009483469184488058,
        -0.001083542127162218,
        0.0008133995579555631,
        0.000491187209263444,
        -0.00022560189245268703,
        0.0004035817692056298,
        0.001075665233656764,
        0.00013004208449274302,
        0.0014765845844522119,
        0.0007036526221781969,
        0.0014968814793974161,
        0.00139333913102746,
        -0.0022633641492575407,
        -0.0001051388680934906,
        0.0012179916957393289,
        -0.0020171876531094313,
        0.002003568457439542,
        -0.006179654039442539,
        -0.0015052225207909942,
        0.9999246001243591,
        0.0009226046968251467,
        0.0029505956918001175,
        0.002257314044982195,
        -0.0021606325171887875,
        -0.002086352091282606
      ],
      [
        -0.00036691493005491793,
        -0.0003114266146440059,
        -0.000173999069374986,
        0.0009852602379396558,
        1.7042621038854122e-05,
        0.0008374227327294648,
        -0.00027365965070202947,
        -4.1913066525012255e-05,
        0.0008981411228887737,
        -0.00026721160975284874,
        -7.902903598733246e-05,
        0.0001794621639419347,
        -0.00011672427353914827,
        0.00032345097861252725,
        -0.0005230137030594051,
        -0.0014593470841646194,
        -0.003940271213650703,
        0.0020046785939484835,
        -0.0019965411629527807,
        -0.0008357057231478393,
        -0.0014323480427265167,
        0.00044920947402715683,
        0.0009226046968251467,
        0.9999662637710571,
        -0.0004093150782864541,
        0.0008747415849938989,
        0.0039507257752120495,
        -0.0021390621550381184
      ],
      [
        0.0003257148782722652,
        -0.0012354356003925204,
        0.0010754691902548075,
        -0.0011086671147495508,
        4.598867963068187e-05,
        -0.0011254209093749523,
        0.0010261621791869402,
        0.0009106534998863935,
        0.0003184144152328372,
        0.00023617349506821483,
        -0.0015456327237188816,
        -0.0004024488152936101,
        0.0007298475247807801,
        0.0027654103469103575,
        0.00017677636060398072,
        -0.0002584733010735363,
        0.0003920451272279024,
        -0.00047842878848314285,
        -0.0022723099682480097,
        -0.00010196836228715256,
        -0.0008429743465967476,
        0.0007995993364602327,
        0.0029505956918001175,
        -0.0004093150782864541,
        0.9999829530715942,
        -0.0006385794258676469,
        -0.002179056406021118,
        0.0019059887854382396
      ],
      [
        0.0010217437520623207,
        0.0008002992253750563,
        -0.00010680952982511371,
        -0.000791773316450417,
        -0.00027583821793086827,
        0.0018646144308149815,
        9.745213901624084e-06,
        -0.0009719389490783215,
        -0.0008594666142016649,
        0.0005426912102848291,
        0.00020229522488079965,
        0.0007147503783926368,
        -0.0006360189290717244,
        -0.0008387321140617132,
        -0.001262979581952095,
        -0.000756270601414144,
        -0.00028656431823037565,
        0.00211277580820024,
        -0.001866502221673727,
        0.0006736379582434893,
        0.002332682954147458,
        -0.0014393634628504515,
        0.002257314044982195,
        0.0008747415849938989,
        -0.0006385794258676469,
        0.9999502897262573,
        0.00327639770694077,
        -0.0017534993821755052
      ],
      [
        0.0008740464691072702,
        0.000585518719162792,
        -0.00021317260689102113,
        -0.0002470536273904145,
        0.0007828311063349247,
        0.001119933556765318,
        -0.0005303028738126159,
        0.0005626882775686681,
        -0.0015053707174956799,
        9.443263115826994e-05,
        0.0005262542981654406,
        0.0013937082840129733,
        -0.00029240234289318323,
        -0.00021687794651370496,
        -0.0018301191739737988,
        -0.0009762298432178795,
        0.0008636951097287238,
        -0.0007036335882730782,
        -0.0012115288991481066,
        0.0027335449121892452,
        0.0022770084906369448,
        0.003074611071497202,
        -0.0021606325171887875,
        0.0039507257752120495,
        -0.002179056406021118,
        0.00327639770694077,
        0.9999752044677734,
        0.002861213404685259
      ],
      [
        -0.001268407329916954,
        -0.00020068103913217783,
        -5.839361983817071e-05,
        0.0006403178558684886,
        -0.00041969623998738825,
        0.000513570208568126,
        -0.00026743055786937475,
        1.799879828467965e-05,
        0.0003111855767201632,
        0.0011624775361269712,
        -0.0014268580125644803,
        0.0006303409463725984,
        -0.001148082548752427,
        -0.000509349221829325,
        0.0017195045948028564,
        -0.0004790400853380561,
        -0.0017334052827209234,
        -2.4576496798545122e-05,
        -0.0011122956639155746,
        -0.00016265838348772377,
        0.0008261463954113424,
        0.0026350528933107853,
        -0.002086352091282606,
        -0.0021390621550381184,
        0.0019059887854382396,
        -0.0017534993821755052,
        0.002861213404685259,
        0.9999477863311768
      ]
    ]
  }
}